15
HOMOSAPI    0.0000  0.0065  0.0119  0.0070  0.0092  0.0369  0.0455  0.0468
  0.1691  0.1951  0.2282  0.3487  0.2452  0.1910  0.2062
MUSMUSCU    0.0065  0.0000  0.0086  0.0038  0.0103  0.0375  0.0443  0.0476
  0.1672  0.1935  0.2287  0.3482  0.2479  0.1911  0.2080
RATNORV1    0.0119  0.0086  0.0000  0.0075  0.0159  0.0450  0.0484  0.0476
  0.1699  0.1922  0.2250  0.3521  0.2465  0.1899  0.2117
RATNORV2    0.0070  0.0038  0.0075  0.0000  0.0098  0.0381  0.0478  0.0476
  0.1671  0.1929  0.2264  0.3487  0.2441  0.1912  0.2061
ORYCUNI1    0.0092  0.0103  0.0159  0.0098  0.0000  0.0341  0.0457  0.0486
  0.1688  0.1950  0.2278  0.3459  0.2452  0.1898  0.2099
ORYCUNI2    0.0369  0.0375  0.0450  0.0381  0.0341  0.0000  0.0683  0.0796
  0.1951  0.2211  0.2482  0.3699  0.2655  0.2122  0.2296
XENLAEVI    0.0455  0.0443  0.0484  0.0478  0.0457  0.0683  0.0000  0.0598
  0.1618  0.1884  0.2026  0.3409  0.2380  0.1841  0.1970
GALGALLU    0.0468  0.0476  0.0476  0.0476  0.0486  0.0796  0.0598  0.0000
  0.1575  0.1915  0.1953  0.3410  0.2095  0.1770  0.1948
*cravirg    0.1691  0.1672  0.1699  0.1671  0.1688  0.1951  0.1618  0.1575
  0.0000  0.1783  0.1780  0.3284  0.1928  0.2088  0.1875
ARTSALIN    0.1951  0.1935  0.1922  0.1929  0.1950  0.2211  0.1884  0.1915
  0.1783  0.0000  0.1572  0.3421  0.1916  0.2173  0.1701
ARGNOBIL    0.2282  0.2287  0.2250  0.2264  0.2278  0.2482  0.2026  0.1953
  0.1780  0.1572  0.0000  0.3607  0.1476  0.2330  0.1659
CAEELEGA    0.3487  0.3482  0.3521  0.3487  0.3459  0.3699  0.3409  0.3410
  0.3284  0.3421  0.3607  0.0000  0.3654  0.3687  0.3709
PORCROTA    0.2452  0.2479  0.2465  0.2441  0.2452  0.2655  0.2380  0.2095
  0.1928  0.1916  0.1476  0.3654  0.0000  0.2410  0.1818
HERMOMUS    0.1910  0.1911  0.1899  0.1912  0.1898  0.2122  0.1841  0.1770
  0.2088  0.2173  0.2330  0.3687  0.2410  0.0000  0.2536
CALSAPID    0.2062  0.2080  0.2117  0.2061  0.2099  0.2296  0.1970  0.1948
  0.1875  0.1701  0.1659  0.3709  0.1818  0.2536  0.0000
