63
TW20        0  0.14  0.14  0.077  0.081  0.11  0.18  0.15
0.14  0.14  0.14  0.12  0.15  0.14  0.14
0.14  0.14  0.13  0.14  0.15  0.14  0.14
0.14  0.051  0.14  0.26  0.19  0.29  0.2
0.12  0.32  0.15  0.2  0.15  0.16  0.11
0.12  0.14  0.13  0.14  0.16  0.13  0.15
0.073  0.11  0.075  0.061  0.056  0.07  0.067
0.091  0.11  0.054  0.099  0.071  0.14  0.089
0.058  0.077  0.15  0.11  0.088  0.071  
3HK         0.14  0  0.11  0.12  0.13  0.1  0.15  0.14
0.13  0.047  0.13  0.11  0.074  0.13  0.13
0.13  0.13  0.097  0.13  0.14  0.13  0.13
0.13  0.13  0.13  0.24  0.16  0.27  0.19
0.11  0.31  0.14  0.11  0.14  0.15  0.11
0.11  0.11  0.1  0.066  0.054  0.12  0.13
0.15  0.18  0.15  0.14  0.14  0.15  0.15
0.15  0.18  0.14  0.15  0.15  0.19  0.15
0.14  0.16  0.2  0.16  0.14  0.15  
BK2421      0.14  0.11  0  0.12  0.12  0.093  0.15  0.13
0.12  0.1  0.12  0.1  0.12  0.13  0.12
0.13  0.12  0.044  0.13  0.13  0.12  0.12
0.12  0.13  0.12  0.23  0.16  0.26  0.17
0.1  0.3  0.13  0.16  0.13  0.14  0.1
0.1  0.026  0.094  0.11  0.12  0.11  0.13
0.15  0.18  0.15  0.14  0.13  0.14  0.14
0.14  0.17  0.13  0.14  0.14  0.18  0.14
0.14  0.15  0.19  0.15  0.13  0.15  
CHI59       0.077  0.12  0.12  0  0.022  0.091  0.16  0.13
0.12  0.12  0.12  0.099  0.13  0.12  0.12
0.12  0.12  0.1  0.12  0.13  0.12  0.12
0.12  0.065  0.12  0.24  0.17  0.26  0.18
0.099  0.3  0.13  0.18  0.13  0.14  0.095
0.097  0.12  0.11  0.12  0.14  0.11  0.12
0.088  0.12  0.089  0.077  0.073  0.085  0.083
0.079  0.12  0.07  0.088  0.087  0.13  0.078
0.074  0.092  0.14  0.094  0.076  0.087  
CHI61       0.081  0.13  0.12  0.022  0  0.094  0.16  0.13
0.12  0.12  0.12  0.1  0.14  0.13  0.12
0.13  0.12  0.11  0.13  0.14  0.12  0.12
0.12  0.067  0.12  0.24  0.17  0.26  0.18
0.1  0.31  0.13  0.18  0.13  0.14  0.097
0.099  0.12  0.11  0.13  0.14  0.11  0.13
0.09  0.12  0.09  0.078  0.074  0.086  0.084
0.081  0.12  0.071  0.089  0.087  0.13  0.082
0.076  0.094  0.14  0.095  0.079  0.089  
FFP103      0.11  0.1  0.093  0.091  0.094  0  0.13  0.1
0.094  0.094  0.095  0.042  0.11  0.097  0.09
0.097  0.093  0.08  0.096  0.11  0.093  0.094
0.095  0.1  0.095  0.22  0.14  0.21  0.15
0.027  0.27  0.1  0.15  0.097  0.11  0.039
0.042  0.091  0.081  0.099  0.11  0.085  0.097
0.12  0.15  0.12  0.11  0.11  0.12  0.12
0.11  0.15  0.11  0.12  0.12  0.15  0.11
0.11  0.12  0.16  0.12  0.11  0.12  
GRE4        0.18  0.15  0.15  0.16  0.16  0.13  0  0.17
0.17  0.15  0.17  0.14  0.16  0.17  0.16
0.17  0.17  0.13  0.17  0.18  0.17  0.16
0.17  0.17  0.16  0.14  0.055  0.3  0.22
0.14  0.34  0.17  0.2  0.17  0.18  0.14
0.15  0.15  0.11  0.15  0.16  0.16  0.17
0.19  0.21  0.19  0.18  0.18  0.19  0.18
0.18  0.21  0.18  0.19  0.19  0.22  0.18
0.18  0.19  0.22  0.19  0.18  0.19  
HGSA142     0.15  0.14  0.13  0.13  0.13  0.1  0.17  0
0.023  0.13  0.037  0.12  0.15  0.037  0.029
0.037  0.033  0.12  0.039  0.048  0.035  0.035
0.038  0.14  0.14  0.25  0.18  0.28  0.087
0.11  0.32  0.14  0.19  0.14  0.056  0.11
0.11  0.13  0.12  0.14  0.15  0.12  0.037
0.16  0.18  0.16  0.15  0.15  0.16  0.15
0.15  0.19  0.14  0.16  0.16  0.19  0.15
0.15  0.16  0.2  0.16  0.15  0.16  
HSJ216      0.14  0.13  0.12  0.12  0.12  0.094  0.17  0.023
0  0.12  0.028  0.11  0.14  0.028  0.022
0.028  0.025  0.11  0.03  0.039  0.026  0.027
0.028  0.13  0.13  0.25  0.17  0.27  0.077
0.1  0.31  0.13  0.18  0.13  0.048  0.1
0.1  0.12  0.11  0.13  0.14  0.11  0.029
0.15  0.18  0.15  0.14  0.14  0.15  0.14
0.14  0.18  0.14  0.15  0.15  0.19  0.14
0.14  0.15  0.19  0.15  0.14  0.15  
HU109       0.14  0.047  0.1  0.12  0.12  0.094  0.15  0.13
0.12  0  0.13  0.1  0.068  0.13  0.12
0.13  0.12  0.089  0.13  0.14  0.12  0.12
0.13  0.13  0.12  0.23  0.16  0.26  0.18
0.1  0.31  0.13  0.082  0.13  0.14  0.1
0.1  0.1  0.096  0.059  0.06  0.11  0.13
0.15  0.18  0.15  0.14  0.14  0.15  0.14
0.14  0.18  0.14  0.15  0.15  0.18  0.14
0.14  0.15  0.19  0.15  0.14  0.15  
HU25        0.14  0.13  0.12  0.12  0.12  0.095  0.17  0.037
0.028  0.13  0  0.11  0.14  0.032  0.025
0.032  0.029  0.11  0.032  0.04  0.029  0.029
0.03  0.13  0.13  0.25  0.18  0.27  0.092
0.1  0.31  0.14  0.19  0.13  0.048  0.1
0.1  0.12  0.11  0.13  0.14  0.11  0.032
0.15  0.18  0.15  0.14  0.14  0.15  0.14
0.14  0.18  0.13  0.15  0.15  0.18  0.14
0.14  0.15  0.19  0.15  0.14  0.15  
ICP5062     0.12  0.11  0.1  0.099  0.1  0.042  0.14  0.12
0.11  0.1  0.11  0  0.12  0.11  0.1
0.11  0.11  0.088  0.11  0.12  0.11  0.11
0.11  0.11  0.11  0.23  0.15  0.22  0.16
0.052  0.27  0.11  0.16  0.11  0.12  0.036
0.029  0.1  0.093  0.11  0.12  0.097  0.11
0.13  0.15  0.13  0.12  0.12  0.13  0.12
0.12  0.16  0.11  0.12  0.13  0.16  0.12
0.12  0.13  0.17  0.13  0.12  0.13  
TUR9        0.15  0.074  0.12  0.13  0.14  0.11  0.16  0.15
0.14  0.068  0.14  0.12  0  0.14  0.13
0.14  0.14  0.1  0.14  0.15  0.14  0.14
0.14  0.14  0.13  0.23  0.17  0.27  0.18
0.12  0.31  0.14  0.13  0.14  0.15  0.12
0.12  0.11  0.11  0.058  0.078  0.13  0.14
0.16  0.18  0.16  0.15  0.15  0.15  0.15
0.15  0.18  0.15  0.16  0.15  0.19  0.16
0.15  0.16  0.19  0.16  0.15  0.15  
AGT1        0.14  0.13  0.13  0.12  0.13  0.097  0.17  0.037
0.028  0.13  0.032  0.11  0.14  0  0.022
0.028  0.025  0.11  0.032  0.042  0.027  0.03
0.032  0.13  0.13  0.25  0.18  0.27  0.088
0.11  0.31  0.14  0.19  0.13  0.047  0.1
0.11  0.12  0.11  0.13  0.14  0.11  0.03
0.15  0.17  0.15  0.14  0.14  0.15  0.14
0.14  0.18  0.14  0.15  0.15  0.18  0.14
0.14  0.15  0.19  0.15  0.14  0.15  
AGT120      0.14  0.13  0.12  0.12  0.12  0.09  0.16  0.029
0.022  0.12  0.025  0.1  0.13  0.022  0
0.022  0.019  0.1  0.025  0.034  0.02  0.02
0.022  0.12  0.12  0.24  0.17  0.26  0.083
0.097  0.31  0.13  0.18  0.12  0.042  0.095
0.098  0.12  0.1  0.13  0.14  0.11  0.024
0.14  0.17  0.14  0.14  0.13  0.14  0.14
0.13  0.17  0.13  0.14  0.14  0.18  0.14
0.13  0.15  0.18  0.15  0.13  0.14  
AGT67       0.14  0.13  0.13  0.12  0.13  0.097  0.17  0.037
0.028  0.13  0.032  0.11  0.14  0.028  0.022
0  0.025  0.11  0.031  0.041  0.027  0.029
0.032  0.13  0.13  0.25  0.18  0.27  0.091
0.11  0.32  0.14  0.18  0.13  0.05  0.1
0.11  0.12  0.11  0.13  0.14  0.11  0.031
0.15  0.18  0.15  0.14  0.14  0.15  0.14
0.14  0.18  0.14  0.15  0.15  0.19  0.14
0.14  0.15  0.19  0.15  0.14  0.15  
AGT9        0.14  0.13  0.12  0.12  0.12  0.093  0.17  0.033
0.025  0.12  0.029  0.11  0.14  0.025  0.019
0.025  0  0.11  0.029  0.038  0.026  0.026
0.028  0.13  0.13  0.25  0.17  0.26  0.085
0.1  0.31  0.13  0.18  0.13  0.045  0.1
0.1  0.12  0.11  0.13  0.14  0.11  0.026
0.15  0.17  0.15  0.14  0.14  0.15  0.14
0.14  0.18  0.13  0.14  0.15  0.18  0.14
0.14  0.15  0.19  0.15  0.14  0.15  
ANS46       0.13  0.097  0.044  0.1  0.11  0.08  0.13  0.12
0.11  0.089  0.11  0.088  0.1  0.11  0.1
0.11  0.11  0  0.11  0.12  0.1  0.11
0.11  0.11  0.11  0.21  0.14  0.24  0.15
0.087  0.29  0.11  0.15  0.11  0.12  0.084
0.087  0.041  0.079  0.094  0.1  0.097  0.11
0.13  0.15  0.13  0.12  0.12  0.13  0.12
0.12  0.15  0.12  0.13  0.13  0.16  0.13
0.12  0.13  0.16  0.13  0.12  0.13  
BRA2        0.14  0.13  0.13  0.12  0.13  0.096  0.17  0.039
0.03  0.13  0.032  0.11  0.14  0.032  0.025
0.031  0.029  0.11  0  0.033  0.02  0.022
0.022  0.13  0.13  0.25  0.18  0.27  0.092
0.11  0.31  0.13  0.19  0.13  0.049  0.1
0.11  0.12  0.11  0.13  0.14  0.11  0.035
0.15  0.18  0.15  0.14  0.14  0.15  0.15
0.14  0.18  0.14  0.15  0.15  0.19  0.14
0.14  0.15  0.19  0.15  0.14  0.15  
BRA36       0.15  0.14  0.13  0.13  0.14  0.11  0.18  0.048
0.039  0.14  0.04  0.12  0.15  0.042  0.034
0.041  0.038  0.12  0.033  0  0.027  0.031
0.033  0.14  0.14  0.25  0.19  0.27  0.097
0.11  0.32  0.14  0.2  0.14  0.057  0.11
0.11  0.13  0.12  0.14  0.15  0.12  0.041
0.16  0.18  0.16  0.15  0.15  0.16  0.15
0.15  0.19  0.15  0.15  0.16  0.19  0.15
0.15  0.16  0.2  0.16  0.15  0.16  
BZ48        0.14  0.13  0.12  0.12  0.12  0.093  0.17  0.035
0.026  0.12  0.029  0.11  0.14  0.027  0.02
0.027  0.026  0.1  0.02  0.027  0  0.017
0.02  0.13  0.13  0.25  0.17  0.26  0.089
0.1  0.31  0.13  0.18  0.13  0.045  0.098
0.1  0.12  0.11  0.13  0.14  0.11  0.03
0.14  0.17  0.15  0.14  0.13  0.15  0.14
0.14  0.18  0.13  0.14  0.15  0.18  0.14
0.14  0.15  0.19  0.15  0.13  0.14  
CHL1        0.14  0.13  0.12  0.12  0.12  0.094  0.16  0.035
0.027  0.12  0.029  0.11  0.14  0.03  0.02
0.029  0.026  0.11  0.022  0.031  0.017  0
0.016  0.13  0.13  0.25  0.17  0.27  0.09
0.1  0.31  0.13  0.18  0.13  0.047  0.1
0.1  0.12  0.11  0.13  0.14  0.11  0.031
0.15  0.18  0.15  0.14  0.13  0.15  0.14
0.14  0.18  0.13  0.15  0.15  0.18  0.14
0.14  0.15  0.19  0.15  0.14  0.15  
CHL151      0.14  0.13  0.12  0.12  0.12  0.095  0.17  0.038
0.028  0.13  0.03  0.11  0.14  0.032  0.022
0.032  0.028  0.11  0.022  0.033  0.02  0.016
0  0.13  0.13  0.24  0.17  0.26  0.09
0.11  0.31  0.13  0.18  0.13  0.047  0.1
0.1  0.12  0.11  0.13  0.14  0.11  0.032
0.15  0.18  0.15  0.14  0.14  0.15  0.14
0.14  0.18  0.13  0.15  0.15  0.18  0.14
0.14  0.15  0.19  0.15  0.14  0.15  
DEN907      0.051  0.13  0.13  0.065  0.067  0.1  0.17  0.14
0.13  0.13  0.13  0.11  0.14  0.13  0.12
0.13  0.13  0.11  0.13  0.14  0.13  0.13
0.13  0  0.13  0.25  0.18  0.27  0.18
0.11  0.31  0.14  0.18  0.13  0.14  0.1
0.11  0.12  0.11  0.13  0.14  0.12  0.13
0.039  0.07  0.041  0.028  0.024  0.052  0.035
0.074  0.075  0.039  0.085  0.037  0.12  0.077
0.027  0.042  0.13  0.09  0.073  0.039  
GRE108      0.14  0.13  0.12  0.12  0.12  0.095  0.16  0.14
0.13  0.12  0.13  0.11  0.13  0.13  0.12
0.13  0.13  0.11  0.13  0.14  0.13  0.13
0.13  0.13  0  0.24  0.17  0.26  0.17
0.1  0.3  0.13  0.18  0.13  0.14  0.1
0.11  0.12  0.11  0.13  0.13  0.12  0.13
0.15  0.17  0.14  0.14  0.14  0.14  0.14
0.14  0.17  0.14  0.14  0.15  0.18  0.14
0.14  0.15  0.18  0.15  0.13  0.14  
GRE18       0.26  0.24  0.23  0.24  0.24  0.22  0.14  0.25
0.25  0.23  0.25  0.23  0.23  0.25  0.24
0.25  0.25  0.21  0.25  0.25  0.25  0.25
0.24  0.25  0.24  0  0.14  0.33  0.27
0.22  0.37  0.24  0.26  0.24  0.25  0.23
0.23  0.23  0.2  0.23  0.23  0.24  0.25
0.26  0.26  0.26  0.26  0.25  0.26  0.26
0.25  0.27  0.26  0.26  0.26  0.27  0.26
0.26  0.26  0.27  0.26  0.25  0.26  
GRE317      0.19  0.16  0.16  0.17  0.17  0.14  0.055  0.18
0.17  0.16  0.18  0.15  0.17  0.18  0.17
0.18  0.17  0.14  0.18  0.19  0.17  0.17
0.17  0.18  0.17  0.14  0  0.3  0.22
0.15  0.35  0.17  0.21  0.17  0.19  0.15
0.16  0.16  0.13  0.16  0.17  0.17  0.18
0.2  0.22  0.2  0.19  0.19  0.19  0.19
0.19  0.22  0.18  0.2  0.2  0.23  0.19
0.19  0.2  0.24  0.2  0.19  0.2  
HDG2        0.29  0.27  0.26  0.26  0.26  0.21  0.3  0.28
0.27  0.26  0.27  0.22  0.27  0.27  0.26
0.27  0.26  0.24  0.27  0.27  0.26  0.27
0.26  0.27  0.26  0.33  0.3  0  0.28
0.22  0.34  0.25  0.28  0.25  0.27  0.22
0.23  0.26  0.26  0.26  0.26  0.26  0.27
0.28  0.28  0.27  0.28  0.27  0.27  0.28
0.27  0.28  0.28  0.27  0.28  0.29  0.28
0.28  0.27  0.29  0.27  0.27  0.28  
HGSA9       0.2  0.19  0.17  0.18  0.18  0.15  0.22  0.087
0.077  0.18  0.092  0.16  0.18  0.088  0.083
0.091  0.085  0.15  0.092  0.097  0.089  0.09
0.09  0.18  0.17  0.27  0.22  0.28  0
0.15  0.32  0.18  0.22  0.17  0.1  0.16
0.16  0.17  0.17  0.18  0.18  0.17  0.088
0.19  0.2  0.19  0.19  0.19  0.19  0.19
0.19  0.21  0.19  0.19  0.19  0.22  0.2
0.19  0.19  0.22  0.2  0.19  0.19  
HSA10       0.12  0.11  0.1  0.099  0.1  0.027  0.14  0.11
0.1  0.1  0.1  0.052  0.12  0.11  0.097
0.11  0.1  0.087  0.11  0.11  0.1  0.1
0.11  0.11  0.1  0.22  0.15  0.22  0.15
0  0.27  0.11  0.16  0.11  0.12  0.047
0.051  0.1  0.088  0.11  0.12  0.095  0.1
0.13  0.16  0.13  0.12  0.12  0.12  0.12
0.12  0.16  0.11  0.12  0.13  0.16  0.12
0.12  0.13  0.17  0.13  0.12  0.13  
HSA11       0.32  0.31  0.3  0.3  0.31  0.27  0.34  0.32
0.31  0.31  0.31  0.27  0.31  0.31  0.31
0.32  0.31  0.29  0.31  0.32  0.31  0.31
0.31  0.31  0.3  0.37  0.35  0.34  0.32
0.27  0  0.3  0.32  0.3  0.32  0.27
0.28  0.3  0.3  0.31  0.3  0.3  0.31
0.32  0.32  0.31  0.32  0.32  0.31  0.32
0.31  0.32  0.31  0.31  0.32  0.32  0.32
0.32  0.32  0.32  0.32  0.31  0.32  
HU106       0.15  0.14  0.13  0.13  0.13  0.1  0.17  0.14
0.13  0.13  0.14  0.11  0.14  0.14  0.13
0.14  0.13  0.11  0.13  0.14  0.13  0.13
0.13  0.14  0.13  0.24  0.17  0.25  0.18
0.11  0.3  0  0.17  0.085  0.15  0.11
0.11  0.13  0.12  0.13  0.14  0.12  0.14
0.15  0.18  0.15  0.15  0.14  0.15  0.15
0.15  0.18  0.14  0.15  0.15  0.18  0.15
0.15  0.15  0.19  0.15  0.14  0.15  
HUR18       0.2  0.11  0.16  0.18  0.18  0.15  0.2  0.19
0.18  0.082  0.19  0.16  0.13  0.19  0.18
0.18  0.18  0.15  0.19  0.2  0.18  0.18
0.18  0.18  0.18  0.26  0.21  0.28  0.22
0.16  0.32  0.17  0  0.17  0.19  0.16
0.16  0.16  0.16  0.12  0.12  0.17  0.18
0.2  0.22  0.2  0.2  0.19  0.2  0.19
0.2  0.22  0.19  0.2  0.2  0.23  0.2
0.2  0.2  0.23  0.2  0.19  0.2  
HUSA304     0.15  0.14  0.13  0.13  0.13  0.097  0.17  0.14
0.13  0.13  0.13  0.11  0.14  0.13  0.12
0.13  0.13  0.11  0.13  0.14  0.13  0.13
0.13  0.13  0.13  0.24  0.17  0.25  0.17
0.11  0.3  0.085  0.17  0  0.14  0.11
0.11  0.13  0.12  0.13  0.14  0.12  0.13
0.15  0.17  0.15  0.14  0.14  0.15  0.14
0.14  0.17  0.14  0.15  0.15  0.18  0.15
0.14  0.15  0.18  0.15  0.14  0.15  
2A8         0.16  0.15  0.14  0.14  0.14  0.11  0.18  0.056
0.048  0.14  0.048  0.12  0.15  0.047  0.042
0.05  0.045  0.12  0.049  0.057  0.045  0.047
0.047  0.14  0.14  0.25  0.19  0.27  0.1
0.12  0.32  0.15  0.19  0.14  0  0.12
0.12  0.14  0.13  0.14  0.15  0.13  0.048
0.16  0.18  0.16  0.16  0.15  0.16  0.15
0.15  0.18  0.15  0.16  0.16  0.19  0.16
0.15  0.16  0.19  0.16  0.15  0.16  
ICP5011     0.11  0.11  0.1  0.095  0.097  0.039  0.14  0.11
0.1  0.1  0.1  0.036  0.12  0.1  0.095
0.1  0.1  0.084  0.1  0.11  0.098  0.1
0.1  0.1  0.1  0.23  0.15  0.22  0.16
0.047  0.27  0.11  0.16  0.11  0.12  0
0.031  0.096  0.084  0.11  0.12  0.09  0.1
0.13  0.15  0.13  0.11  0.11  0.12  0.12
0.12  0.16  0.11  0.12  0.12  0.16  0.12
0.11  0.13  0.17  0.13  0.11  0.12  
ICP5014     0.12  0.11  0.1  0.097  0.099  0.042  0.15  0.11
0.1  0.1  0.1  0.029  0.12  0.11  0.098
0.11  0.1  0.087  0.11  0.11  0.1  0.1
0.1  0.11  0.11  0.23  0.16  0.23  0.16
0.051  0.28  0.11  0.16  0.11  0.12  0.031
0  0.098  0.089  0.11  0.13  0.094  0.11
0.13  0.16  0.13  0.12  0.11  0.13  0.12
0.12  0.16  0.11  0.13  0.13  0.17  0.12
0.12  0.13  0.17  0.13  0.12  0.13  
LHH1        0.14  0.11  0.026  0.12  0.12  0.091  0.15  0.13
0.12  0.1  0.12  0.1  0.11  0.12  0.12
0.12  0.12  0.041  0.12  0.13  0.12  0.12
0.12  0.12  0.12  0.23  0.16  0.26  0.17
0.1  0.3  0.13  0.16  0.13  0.14  0.096
0.098  0  0.09  0.11  0.12  0.11  0.12
0.14  0.17  0.15  0.13  0.13  0.14  0.14
0.13  0.17  0.13  0.14  0.14  0.18  0.14
0.13  0.15  0.19  0.15  0.13  0.14  
R35         0.13  0.1  0.094  0.11  0.11  0.081  0.11  0.12
0.11  0.096  0.11  0.093  0.11  0.11  0.1
0.11  0.11  0.079  0.11  0.12  0.11  0.11
0.11  0.11  0.11  0.2  0.13  0.26  0.17
0.088  0.3  0.12  0.16  0.12  0.13  0.084
0.089  0.09  0  0.1  0.12  0.1  0.11
0.14  0.17  0.14  0.13  0.12  0.13  0.13
0.13  0.17  0.12  0.13  0.13  0.17  0.13
0.12  0.14  0.18  0.14  0.12  0.14  
TUR1        0.14  0.066  0.11  0.12  0.13  0.099  0.15  0.14
0.13  0.059  0.13  0.11  0.058  0.13  0.13
0.13  0.13  0.094  0.13  0.14  0.13  0.13
0.13  0.13  0.13  0.23  0.16  0.26  0.18
0.11  0.31  0.13  0.12  0.13  0.14  0.11
0.11  0.11  0.1  0  0.072  0.12  0.13
0.15  0.17  0.15  0.14  0.14  0.15  0.15
0.14  0.17  0.14  0.15  0.15  0.18  0.14
0.14  0.15  0.19  0.15  0.14  0.15  
TUR27       0.16  0.054  0.12  0.14  0.14  0.11  0.16  0.15
0.14  0.06  0.14  0.12  0.078  0.14  0.14
0.14  0.14  0.1  0.14  0.15  0.14  0.14
0.14  0.14  0.13  0.23  0.17  0.26  0.18
0.12  0.3  0.14  0.12  0.14  0.15  0.12
0.13  0.12  0.12  0.072  0  0.13  0.15
0.15  0.17  0.16  0.16  0.15  0.15  0.15
0.15  0.17  0.15  0.15  0.16  0.18  0.16
0.15  0.16  0.18  0.16  0.15  0.15  
URU110      0.13  0.12  0.11  0.11  0.11  0.085  0.16  0.12
0.11  0.11  0.11  0.097  0.13  0.11  0.11
0.11  0.11  0.097  0.11  0.12  0.11  0.11
0.11  0.12  0.12  0.24  0.17  0.26  0.17
0.095  0.3  0.12  0.17  0.12  0.13  0.09
0.094  0.11  0.1  0.12  0.13  0  0.11
0.14  0.17  0.14  0.13  0.12  0.14  0.13
0.13  0.17  0.12  0.14  0.14  0.17  0.13
0.13  0.14  0.18  0.14  0.13  0.14  
URU34       0.15  0.13  0.13  0.12  0.13  0.097  0.17  0.037
0.029  0.13  0.032  0.11  0.14  0.03  0.024
0.031  0.026  0.11  0.035  0.041  0.03  0.031
0.032  0.13  0.13  0.25  0.18  0.27  0.088
0.1  0.31  0.14  0.18  0.13  0.048  0.1
0.11  0.12  0.11  0.13  0.15  0.11  0
0.15  0.18  0.15  0.14  0.14  0.15  0.15
0.14  0.18  0.14  0.15  0.15  0.18  0.15
0.14  0.15  0.19  0.15  0.14  0.15  
S2          0.073  0.15  0.15  0.088  0.09  0.12  0.19  0.16
0.15  0.15  0.15  0.13  0.16  0.15  0.14
0.15  0.15  0.13  0.15  0.16  0.14  0.15
0.15  0.039  0.15  0.26  0.2  0.28  0.19
0.13  0.32  0.15  0.2  0.15  0.16  0.13
0.13  0.14  0.14  0.15  0.15  0.14  0.15
0  0.061  0.034  0.034  0.029  0.069  0.032
0.09  0.063  0.063  0.1  0.031  0.13  0.1
0.028  0.038  0.14  0.1  0.091  0.038  
S21         0.11  0.18  0.18  0.12  0.12  0.15  0.21  0.18
0.18  0.18  0.18  0.15  0.18  0.17  0.17
0.18  0.17  0.15  0.18  0.18  0.17  0.18
0.18  0.07  0.17  0.26  0.22  0.28  0.2
0.16  0.32  0.18  0.22  0.17  0.18  0.15
0.16  0.17  0.17  0.17  0.17  0.17  0.18
0.061  0  0.056  0.067  0.062  0.096  0.05
0.11  0.068  0.096  0.12  0.059  0.14  0.13
0.057  0.053  0.14  0.12  0.12  0.066  
S24         0.075  0.15  0.15  0.089  0.09  0.12  0.19  0.16
0.15  0.15  0.15  0.13  0.16  0.15  0.14
0.15  0.15  0.13  0.15  0.16  0.15  0.15
0.15  0.041  0.14  0.26  0.2  0.27  0.19
0.13  0.31  0.15  0.2  0.15  0.16  0.13
0.13  0.15  0.14  0.15  0.16  0.14  0.15
0.034  0.056  0  0.034  0.031  0.068  0.025
0.09  0.057  0.065  0.098  0.032  0.13  0.1
0.024  0.029  0.14  0.1  0.091  0.038  
S25         0.061  0.14  0.14  0.077  0.078  0.11  0.18  0.15
0.14  0.14  0.14  0.12  0.15  0.14  0.14
0.14  0.14  0.12  0.14  0.15  0.14  0.14
0.14  0.028  0.14  0.26  0.19  0.28  0.19
0.12  0.32  0.15  0.2  0.14  0.16  0.11
0.12  0.13  0.13  0.14  0.16  0.13  0.14
0.034  0.067  0.034  0  0.015  0.063  0.028
0.087  0.068  0.05  0.095  0.031  0.13  0.089
0.019  0.036  0.14  0.1  0.084  0.02  
S26         0.056  0.14  0.13  0.073  0.074  0.11  0.18  0.15
0.14  0.14  0.14  0.12  0.15  0.14  0.13
0.14  0.14  0.12  0.14  0.15  0.13  0.13
0.14  0.024  0.14  0.25  0.19  0.27  0.19
0.12  0.32  0.14  0.19  0.14  0.15  0.11
0.11  0.13  0.12  0.14  0.15  0.12  0.14
0.029  0.062  0.031  0.015  0  0.059  0.023
0.082  0.064  0.046  0.092  0.029  0.13  0.084
0.015  0.034  0.14  0.098  0.081  0.027  
S38         0.07  0.15  0.14  0.085  0.086  0.12  0.19  0.16
0.15  0.15  0.15  0.13  0.15  0.15  0.14
0.15  0.15  0.13  0.15  0.16  0.15  0.15
0.15  0.052  0.14  0.26  0.19  0.27  0.19
0.12  0.31  0.15  0.2  0.15  0.16  0.12
0.13  0.14  0.13  0.15  0.15  0.14  0.15
0.069  0.096  0.068  0.063  0.059  0  0.063
0.088  0.096  0.047  0.097  0.068  0.13  0.096
0.062  0.074  0.13  0.1  0.09  0.07  
S39         0.067  0.15  0.14  0.083  0.084  0.12  0.18  0.15
0.14  0.14  0.14  0.12  0.15  0.14  0.14
0.14  0.14  0.12  0.15  0.15  0.14  0.14
0.14  0.035  0.14  0.26  0.19  0.28  0.19
0.12  0.32  0.15  0.19  0.14  0.15  0.12
0.12  0.14  0.13  0.15  0.15  0.13  0.15
0.032  0.05  0.025  0.028  0.023  0.063  0
0.086  0.057  0.057  0.096  0.029  0.13  0.095
0.018  0.026  0.13  0.1  0.085  0.034  
S40         0.091  0.15  0.14  0.079  0.081  0.11  0.18  0.15
0.14  0.14  0.14  0.12  0.15  0.14  0.13
0.14  0.14  0.12  0.14  0.15  0.14  0.14
0.14  0.074  0.14  0.25  0.19  0.27  0.19
0.12  0.31  0.15  0.2  0.14  0.15  0.12
0.12  0.13  0.13  0.14  0.15  0.13  0.14
0.09  0.11  0.09  0.087  0.082  0.088  0.086
0  0.12  0.08  0.029  0.09  0.096  0.049
0.083  0.092  0.1  0.066  0.041  0.09  
S42         0.11  0.18  0.17  0.12  0.12  0.15  0.21  0.19
0.18  0.18  0.18  0.16  0.18  0.18  0.17
0.18  0.18  0.15  0.18  0.19  0.18  0.18
0.18  0.075  0.17  0.27  0.22  0.28  0.21
0.16  0.32  0.18  0.22  0.17  0.18  0.16
0.16  0.17  0.17  0.17  0.17  0.17  0.18
0.063  0.068  0.057  0.068  0.064  0.096  0.057
0.12  0  0.097  0.12  0.06  0.14  0.13
0.06  0.057  0.15  0.13  0.12  0.068  
S7          0.054  0.14  0.13  0.07  0.071  0.11  0.18  0.14
0.14  0.14  0.13  0.11  0.15  0.14  0.13
0.14  0.13  0.12  0.14  0.15  0.13  0.13
0.13  0.039  0.14  0.26  0.18  0.28  0.19
0.11  0.31  0.14  0.19  0.14  0.15  0.11
0.11  0.13  0.12  0.14  0.15  0.12  0.14
0.063  0.096  0.065  0.05  0.046  0.047  0.057
0.08  0.097  0  0.09  0.061  0.13  0.082
0.049  0.067  0.14  0.097  0.08  0.061  
S102        0.099  0.15  0.14  0.088  0.089  0.12  0.19  0.16
0.15  0.15  0.15  0.12  0.16  0.15  0.14
0.15  0.14  0.13  0.15  0.15  0.14  0.15
0.15  0.085  0.14  0.26  0.2  0.27  0.19
0.12  0.31  0.15  0.2  0.15  0.16  0.12
0.13  0.14  0.13  0.15  0.15  0.14  0.15
0.1  0.12  0.098  0.095  0.092  0.097  0.096
0.029  0.12  0.09  0  0.098  0.099  0.056
0.094  0.1  0.1  0.07  0.046  0.1  
S106        0.071  0.15  0.14  0.087  0.087  0.12  0.19  0.16
0.15  0.15  0.15  0.13  0.15  0.15  0.14
0.15  0.15  0.13  0.15  0.16  0.15  0.15
0.15  0.037  0.15  0.26  0.2  0.28  0.19
0.13  0.32  0.15  0.2  0.15  0.16  0.12
0.13  0.14  0.13  0.15  0.16  0.14  0.15
0.031  0.059  0.032  0.031  0.029  0.068  0.029
0.09  0.06  0.061  0.098  0  0.13  0.099
0.025  0.034  0.14  0.1  0.09  0.035  
S130        0.14  0.19  0.18  0.13  0.13  0.15  0.22  0.19
0.19  0.18  0.18  0.16  0.19  0.18  0.18
0.19  0.18  0.16  0.19  0.19  0.18  0.18
0.18  0.12  0.18  0.27  0.23  0.29  0.22
0.16  0.32  0.18  0.23  0.18  0.19  0.16
0.17  0.18  0.17  0.18  0.18  0.17  0.18
0.13  0.14  0.13  0.13  0.13  0.13  0.13
0.096  0.14  0.13  0.099  0.13  0  0.11
0.13  0.13  0.1  0.063  0.096  0.13  
S71         0.089  0.15  0.14  0.078  0.082  0.11  0.18  0.15
0.14  0.14  0.14  0.12  0.16  0.14  0.14
0.14  0.14  0.13  0.14  0.15  0.14  0.14
0.14  0.077  0.14  0.26  0.19  0.28  0.2
0.12  0.32  0.15  0.2  0.15  0.16  0.12
0.12  0.14  0.13  0.14  0.16  0.13  0.15
0.1  0.13  0.1  0.089  0.084  0.096  0.095
0.049  0.13  0.082  0.056  0.099  0.11  0
0.087  0.1  0.12  0.073  0.044  0.098  
S78         0.058  0.14  0.14  0.074  0.076  0.11  0.18  0.15
0.14  0.14  0.14  0.12  0.15  0.14  0.13
0.14  0.14  0.12  0.14  0.15  0.14  0.14
0.14  0.027  0.14  0.26  0.19  0.28  0.19
0.12  0.32  0.15  0.2  0.14  0.15  0.11
0.12  0.13  0.12  0.14  0.15  0.13  0.14
0.028  0.057  0.024  0.019  0.015  0.062  0.018
0.083  0.06  0.049  0.094  0.025  0.13  0.087
0  0.026  0.14  0.1  0.083  0.03  
S81         0.077  0.16  0.15  0.092  0.094  0.12  0.19  0.16
0.15  0.15  0.15  0.13  0.16  0.15  0.15
0.15  0.15  0.13  0.15  0.16  0.15  0.15
0.15  0.042  0.15  0.26  0.2  0.27  0.19
0.13  0.32  0.15  0.2  0.15  0.16  0.13
0.13  0.15  0.14  0.15  0.16  0.14  0.15
0.038  0.053  0.029  0.036  0.034  0.074  0.026
0.092  0.057  0.067  0.1  0.034  0.13  0.1
0.026  0  0.14  0.1  0.094  0.042  
S85         0.15  0.2  0.19  0.14  0.14  0.16  0.22  0.2
0.19  0.19  0.19  0.17  0.19  0.19  0.18
0.19  0.19  0.16  0.19  0.2  0.19  0.19
0.19  0.13  0.18  0.27  0.24  0.29  0.22
0.17  0.32  0.19  0.23  0.18  0.19  0.17
0.17  0.19  0.18  0.19  0.18  0.18  0.19
0.14  0.14  0.14  0.14  0.14  0.13  0.13
0.1  0.15  0.14  0.1  0.14  0.1  0.12
0.14  0.14  0  0.092  0.1  0.14  
S87         0.11  0.16  0.15  0.094  0.095  0.12  0.19  0.16
0.15  0.15  0.15  0.13  0.16  0.15  0.15
0.15  0.15  0.13  0.15  0.16  0.15  0.15
0.15  0.09  0.15  0.26  0.2  0.27  0.2
0.13  0.32  0.15  0.2  0.15  0.16  0.13
0.13  0.15  0.14  0.15  0.16  0.14  0.15
0.1  0.12  0.1  0.1  0.098  0.1  0.1
0.066  0.13  0.097  0.07  0.1  0.063  0.073
0.1  0.1  0.092  0  0.064  0.11  
S93         0.088  0.14  0.13  0.076  0.079  0.11  0.18  0.15
0.14  0.14  0.14  0.12  0.15  0.14  0.13
0.14  0.14  0.12  0.14  0.15  0.13  0.14
0.14  0.073  0.13  0.25  0.19  0.27  0.19
0.12  0.31  0.14  0.19  0.14  0.15  0.11
0.12  0.13  0.12  0.14  0.15  0.13  0.14
0.091  0.12  0.091  0.084  0.081  0.09  0.085
0.041  0.12  0.08  0.046  0.09  0.096  0.044
0.083  0.094  0.1  0.064  0  0.091  
S97         0.071  0.15  0.15  0.087  0.089  0.12  0.19  0.16
0.15  0.15  0.15  0.13  0.15  0.15  0.14
0.15  0.15  0.13  0.15  0.16  0.14  0.15
0.15  0.039  0.14  0.26  0.2  0.28  0.19
0.13  0.32  0.15  0.2  0.15  0.16  0.12
0.13  0.14  0.14  0.15  0.15  0.14  0.15
0.038  0.066  0.038  0.02  0.027  0.07  0.034
0.09  0.068  0.061  0.1  0.035  0.13  0.098
0.03  0.042  0.14  0.11  0.091  0  
